#description: OpenCV trace file
#version: 1.0
b,0,217629,1,1
e,0,36078887,1,1,35861258
b,0,36089570,2,2
e,0,38859936,2,2,2770366,skip=1,tIPP=2718052
b,0,38882183,4,3
e,0,89421725,4,3,50539542
b,0,273997800,5,4
e,0,274118685,5,4,120885,skip=17
b,0,274123784,8,5
e,0,274141509,8,5,17725,skip=1
b,0,274143239,8,6
e,0,274144614,8,6,1375,skip=1
b,0,274146030,8,7
e,0,274147709,8,7,1679,skip=1
b,0,274148820,8,8
e,0,274150468,8,8,1648,skip=1
b,0,274152019,8,9
e,0,274153604,8,9,1585,skip=1
b,0,274179126,9,10
e,0,274226383,9,10,47257
b,0,274244745,10,11
e,0,274260627,10,11,15882
b,0,274280135,11,12
e,0,274299184,11,12,19049
b,0,274309255,12,13
e,0,274339587,12,13,30332,skip=2,tIPP=7566
b,0,274344045,14,14
e,0,274352846,14,14,8801
b,0,274356421,15,15
e,0,274367167,15,15,10746
b,0,274370510,16,16
e,0,274384290,16,16,13780
b,0,274387903,17,17
e,0,274430142,17,17,42239,skip=10,tIPP=9752
b,0,274431637,17,18
e,0,274435434,17,18,3797,skip=10,tIPP=720
b,0,274445277,19,19
e,0,274478596,19,19,33319
b,0,274482717,20,20
e,0,274507296,20,20,24579,skip=2,tIPP=13155
b,0,274516280,22,21
e,0,274525403,22,21,9123
b,0,274528519,2,22
e,0,274529799,2,22,1280,skip=1,tIPP=321
b,0,274530787,9,23
e,0,274531629,9,23,842
b,0,274534954,11,24
e,0,274536142,11,24,1188
b,0,274540703,11,25
e,0,274541680,11,25,977
b,0,274542341,9,26
e,0,274542955,9,26,614
b,0,274546263,23,27
e,0,274559145,23,27,12882,skip=3,tIPP=302
b,0,274564428,11,28
e,0,274565287,11,28,859
b,0,274573165,24,29
e,0,274596999,24,29,23834
b,0,274601959,25,30
e,0,274643289,25,30,41330,skip=2,tIPP=31960
b,0,274644928,24,31
e,0,274646885,24,31,1957
b,0,274647490,25,32
e,0,274648364,25,32,874,skip=2,tIPP=308
b,0,274649338,9,33
e,0,274650054,9,33,716
b,0,274650684,23,34
e,0,274652420,23,34,1736,skip=3,tIPP=306
b,0,274653566,27,35
e,0,274669605,27,35,16039
b,0,274673796,9,36
e,0,274674824,9,36,1028
b,0,274675477,18,37
e,0,274685380,18,37,9903,skip=2,tIPP=8672
b,0,274688010,11,38
e,0,274688923,11,38,913
b,0,274691084,29,39
e,0,274732078,29,39,40994,skip=2,tIPP=26611
b,0,274734063,9,40
e,0,274734819,9,40,756
b,0,274736728,31,41
e,0,274747120,31,41,10392,skip=3,tIPP=275
b,0,274748263,32,42
e,0,274756690,32,42,8427
b,0,274757625,27,43
e,0,274758865,27,43,1240
b,0,274761018,29,44
e,0,274765867,29,44,4849,skip=2,tIPP=3963
b,0,274820249,33,45
e,0,275079659,33,45,259410,skip=12,tIPP=5269
b,0,275092555,35,46
e,0,275715069,35,46,622514
b,0,275726676,35,47
e,0,276247541,35,47,520865
b,0,276265066,5,48
e,0,276285918,5,48,20852,skip=17
b,0,276287888,8,49
e,0,276289768,8,49,1880,skip=1
b,0,276291185,8,50
e,0,276292698,8,50,1513,skip=1
b,0,276294183,8,51
e,0,276295818,8,51,1635,skip=1
b,0,276297063,8,52
e,0,276298727,8,52,1664,skip=1
b,0,276300189,8,53
e,0,276301679,8,53,1490,skip=1
b,0,276308278,9,54
e,0,276310056,9,54,1778
b,0,276312461,10,55
e,0,276313520,10,55,1059
b,0,276316236,11,56
e,0,276317717,11,56,1481
b,0,276320157,12,57
e,0,276323194,12,57,3037,skip=2,tIPP=402
b,0,276324958,14,58
e,0,276325989,14,58,1031
b,0,276326903,15,59
e,0,276328328,15,59,1425
b,0,276330323,16,60
e,0,276332104,16,60,1781
b,0,276333404,17,61
e,0,276341498,17,61,8094,skip=10,tIPP=1659
b,0,276343496,17,62
e,0,276348449,17,62,4953,skip=10,tIPP=853
b,0,276350596,19,63
e,0,276354543,19,63,3947
b,0,276356050,20,64
e,0,276358168,20,64,2118,skip=2,tIPP=858
b,0,276360955,22,65
e,0,276361638,22,65,683
b,0,276362314,2,66
e,0,276363169,2,66,855,skip=1,tIPP=156
b,0,276364015,9,67
e,0,276364716,9,67,701
b,0,276366340,11,68
e,0,276367316,11,68,976
b,0,276368786,11,69
e,0,276369356,11,69,570
b,0,276369976,9,70
e,0,276370584,9,70,608
b,0,276371222,23,71
e,0,276372816,23,71,1594,skip=3,tIPP=173
b,0,276374540,11,72
e,0,276375078,11,72,538
b,0,276378107,24,73
e,0,276379938,24,73,1831
b,0,276381150,25,74
e,0,276382544,25,74,1394,skip=2,tIPP=647
b,0,276383377,24,75
e,0,276384378,24,75,1001
b,0,276384919,25,76
e,0,276385685,25,76,766,skip=2,tIPP=238
b,0,276386490,9,77
e,0,276387106,9,77,616
b,0,276387644,23,78
e,0,276389337,23,78,1693,skip=3,tIPP=277
b,0,276390986,27,79
e,0,276394046,27,79,3060
b,0,276395977,9,80
e,0,276397129,9,80,1152
b,0,276398209,18,81
e,0,276400382,18,81,2173,skip=2,tIPP=416
b,0,276403046,11,82
e,0,276429238,11,82,26192
b,0,276431176,29,83
e,0,276434629,29,83,3453,skip=2,tIPP=1759
b,0,276436550,9,84
e,0,276437670,9,84,1120
b,0,276438290,31,85
e,0,276439996,31,85,1706,skip=3,tIPP=289
b,0,276440967,32,86
e,0,276441526,32,86,559
b,0,276442267,27,87
e,0,276443437,27,87,1170
b,0,276444560,29,88
e,0,276446157,29,88,1597,skip=2,tIPP=874
b,0,276476582,33,89
e,0,276654008,33,89,177426,skip=12,tIPP=1400
b,0,276659890,35,90
e,0,277101886,35,90,441996
b,0,277112374,35,91
e,0,277631250,35,91,518876
b,0,277646105,5,92
e,0,277690643,5,92,44538,skip=17
b,0,277693846,8,93
e,0,277695810,8,93,1964,skip=1
b,0,277697265,8,94
e,0,277698526,8,94,1261,skip=1
b,0,277699808,8,95
e,0,277701214,8,95,1406,skip=1
b,0,277702228,8,96
e,0,277704118,8,96,1890,skip=1
b,0,277705429,8,97
e,0,277706744,8,97,1315,skip=1
b,0,277712907,9,98
e,0,277714684,9,98,1777
b,0,277717021,10,99
e,0,277718322,10,99,1301
b,0,277721459,11,100
e,0,277723015,11,100,1556
b,0,277724681,12,101
e,0,277726906,12,101,2225,skip=2,tIPP=331
b,0,277727904,14,102
e,0,277728557,14,102,653
b,0,277729120,15,103
e,0,277730306,15,103,1186
b,0,277731714,16,104
e,0,277732826,16,104,1112
b,0,277733538,17,105
e,0,277739538,17,105,6000,skip=10,tIPP=1541
b,0,277740585,17,106
e,0,277743959,17,106,3374,skip=10,tIPP=525
b,0,277745439,19,107
e,0,277748384,19,107,2945
b,0,277749463,20,108
e,0,277751122,20,108,1659,skip=2,tIPP=886
b,0,277753334,22,109
e,0,277754038,22,109,704
b,0,277754990,2,110
e,0,277755794,2,110,804,skip=1,tIPP=164
b,0,277756639,9,111
e,0,277757621,9,111,982
b,0,277759023,11,112
e,0,277759781,11,112,758
b,0,277761166,11,113
e,0,277761729,11,113,563
b,0,277762342,9,114
e,0,277762937,9,114,595
b,0,277763502,23,115
e,0,277765036,23,115,1534,skip=3,tIPP=157
b,0,277766655,11,116
e,0,277767182,11,116,527
b,0,277769747,24,117
e,0,277771562,24,117,1815
b,0,277773437,25,118
e,0,277776070,25,118,2633,skip=2,tIPP=1134
b,0,277777546,24,119
e,0,277779417,24,119,1871
b,0,277780463,25,120
e,0,277781640,25,120,1177,skip=2,tIPP=301
b,0,277783068,9,121
e,0,277784154,9,121,1086
b,0,277785147,23,122
e,0,277787508,23,122,2361,skip=3,tIPP=311
b,0,277789289,27,123
e,0,277791906,27,123,2617
b,0,277793095,9,124
e,0,277793785,9,124,690
b,0,277794377,18,125
e,0,277795545,18,125,1168,skip=2,tIPP=291
b,0,277797121,11,126
e,0,277798043,11,126,922
b,0,277799087,29,127
e,0,277802294,29,127,3207,skip=2,tIPP=1768
b,0,277804295,9,128
e,0,277805549,9,128,1254
b,0,277806537,31,129
e,0,277808030,31,129,1493,skip=3,tIPP=160
b,0,277808985,32,130
e,0,277809744,32,130,759
b,0,277810376,27,131
e,0,277811242,27,131,866
b,0,277812288,29,132
e,0,277813998,29,132,1710,skip=2,tIPP=952
b,0,277838267,33,133
e,0,277971501,33,133,133234,skip=12,tIPP=1217
b,0,277976249,35,134
e,0,278325327,35,134,349078
b,0,278335329,35,135
e,0,278834520,35,135,499191
